,59,59,58,58,58,58,58,57,57,56,56,55,54,54,53,53,52,52,51,51,51,51,51,51,51
,66,66,67,66,67,66,66,65,65,63,63,61,59,59,58,58,56,56,55,55,55,55,55,56,56
,94,94,94,93,94,93,92,91,89,88,86,84,81,81,79,76,74,71,70,67,65,65,63,62,61
105,105,105,104,103,102,101,99,97,95,92,90,86,86,83,80,78,75,72,70,68,65,64,62,61
115,113,112,110,108,105,103,100,97,94,90,87,83,83,80,77,73,70,67,65,62,60,58,56,55
117,116,114,113,111,109,107,104,102,99,95,92,89,87,84,79,76,73,69,66,63,59,57,55,53
104,103,103,102,101,100,98,97,95,93,91,89,86,86,83,80,77,75,71,69,68,65,63,61,60
110,110,108,106,104,102,101,100,98,96,95,92,91,90,88,86,84,82,81,80,78,76,74,72,72
106,105,104,102,101,99,99,96,95,91,90,87,85,83,80,79,76,74,72,72,70,68,67,66,64
110,110,109,109,108,107,106,105,105,103,102,100,99,98,95,94,92,92,90,88,88,86,86,85,84
,86,86,87,87,88,88,88,88,89,89,89,89,89,89,89,90,90,91,90,91,91,92,92,93,93
109,108,109,108,109,108,108,107,106,105,104,103,103,102,101,100,99,99,98,98,98,99,99,100,100
103,103,104,104,104,104,104,104,103,103,103,102,102,101,101,100,100,99,99,99,99,100,100,101,102
,93,93,92,92,91,91,90,89,88,87,87,86,86,86,85,85,85,86,86,87,89,90,92,93,95
,94,94,94,94,94,93,92,91,90,89,88,87,87,86,85,84,83,83,82,82,82,82,83,84,85
,82,82,81,81,81,81,80,80,79,79,78,78,78,78,78,78,78,78,79,79,80,81,81,82,82
100,99,99,99,98,98,97,97,95,96,95,95,95,94,95,94,96,95,97,97,98,98,98,100,100
113,113,114,114,114,113,113,113,112,112,112,111,111,110,110,110,110,110,110,110,110,110,110,110,110
110,111,111,112,112,112,112,111,110,110,108,106,106,104,102,100,100,99,98,98,97,97,97,97,97
,99,99,99,99,99,99,98,98,97,96,95,95,95,94,93,92,92,92,92,91,92,92,92,92,93
101,102,102,102,102,102,102,102,102,101,101,100,100,100,100,99,99,99,99,99,98,98,98,98,97
101,101,101,101,101,100,100,99,98,97,96,95,95,93,91,90,88,87,86,84,82,81,79,78,77
109,109,108,108,107,105,104,103,101,99,97,95,96,94,92,90,88,86,84,82,81,79,77,76,74
111,110,110,109,108,107,106,105,104,102,101,99,98,97,95,94,91,89,87,85,82,80,78,76,73
131,129,129,128,126,126,124,123,122,120,119,116,115,114,110,109,105,104,102,98,95,91,90,87,83
125,125,125,126,126,126,126,126,125,124,123,122,121,120,118,115,113,109,107,104,100,97,93,93,89
112,112,111,111,111,110,110,110,109,109,108,107,107,106,104,102,100,98,98,96,94,92,91,89,89
121,121,120,119,118,118,116,114,112,112,109,106,104,102,98,94,94,91,87,86,84,81,81,79,78
130,130,127,125,122,118,116,114,111,107,104,99,96,94,88,86,81,79,76,74,70,66,65,62,62
133,131,129,125,123,120,116,113,109,105,101,98,94,93,89,86,81,78,74,70,67,64,59,57,54
126,126,125,124,122,120,117,114,110,107,103,99,94,90,86,82,78,74,71,67,64,61,58,55,52
114,113,112,110,108,105,103,100,97,95,92,89,85,85,82,80,77,75,72,70,68,67,66,64,63
,99,98,97,96,94,93,92,91,90,88,87,86,84,84,83,81,79,78,77,76,75,74,74,73,73
,95,94,94,94,93,93,92,91,91,90,89,88,86,86,85,83,82,80,78,77,75,74,72,71,70
,74,73,74,75,75,74,75,75,74,74,73,72,71,71,70,69,69,67,66,67,65,64,64,63,62
