110 110 110 109 109 108 108 107 106 105 104 103 103 102 101 100  99  98  97  97  96  95  94  93  94
138 138 137 135 134 131 129 127 125 122 120 117 115 112 109 106 103 101  98  95  92  89  87  86  84
129 129 130 130 129 128 127 126 125 123 121 119 120 117 115 112 110 107 104 102  99  96  94  91  89
117 116 117 117 117 117 117 117 117 117 117 115 115 114 112 110 107 105 102 102  98  96  92  89  86
111 109 108 107 107 105 104 103 102 101 100  98  98  96  94  93  91  91  89  87  86  86  84  84  83
 97  97  97  97  98  98  98  98  98  99  98  98  97  97  95  94  92  91  89  87  85  83  82  80  78
121 120 119 119 119 118 118 117 116 114 113 111 110 108 106 105 100  98  96  92  89  87  83  81  79
128 127 126 125 123 121 119 116 114 111 107 104 100  99  96  92  88  84  81  77  74  71  68  66  64
135 133 132 130 127 125 121 118 114 109 105 101  96  91  87  83  79  75  71  68  65  62  60  57  56
152 150 148 146 143 140 136 131 126 121 115 110 104  98  92  86  81  75  70  66  62  58  55  52  50
133 132 132 130 129 127 125 122 118 115 111 107 103 103  98  94  89  85  80  76  72  69  65  62  60
127 126 126 125 124 122 119 116 113 110 105 102  96  96  93  87  84  80  75  72  68  66  63  60  58
120 119 118 117 116 114 114 111 109 106 103 100  96  96  92  89  85  83  79  79  76  74  72  70  68
121 120 117 115 111 110 108 104  99  99  95  91  87  87  83  80  80  77  75  74  73  72  71  71  71
119 119 118 118 116 114 113 112 110 106 104 100  96  96  92  90  87  85  84  82  80  79  78  77  77
128 128 127 127 126 125 123 121 119 117 114 112 108 108 105 103 100  97  94  92  90  88  87  85  84
131 132 132 132 132 131 130 128 126 124 121 118 115 115 111 108 105 102  98  95  93  91  89  87  85
125 125 126 125 125 124 123 122 121 119 117 115 113 113 111 108 106 104 102 100  98  97  95  93  91
121 120 120 119 118 117 116 114 112 111 110 108 106 106 105 104 104 103 103 103 103 103 103 103 104
135 135 135 134 134 132 131 129 128 126 124 122 121 120 119 117 116 115 113 113 111 111 111 110 109
134 135 137 138 138 139 139 140 139 138 138 136 135 134 132 130 128 127 125 123 120 120 118 117 115
143 144 145 146 146 146 146 146 145 143 142 140 138 137 134 132 129 127 125 122 120 117 116 115 112
133 135 135 136 135 135 135 134 133 132 129 128 126 125 123 120 118 115 113 110 109 108 106 104 103
111 115 117 117 120 122 124 125 126 127 127 127 126 126 125 123 121 119 117 115 113 111 111 110 108
127 127 127 126 126 125 124 123 122 121 119 119 118 117 116 114 114 113 112 111 110 110 109 108 108
151 151 150 150 149 148 147 146 146 144 143 141 142 140 138 137 135 133 131 130 128 126 124 122 120
153 153 153 153 152 151 150 149 148 146 145 143 141 139 137 135 132 130 127 125 122 120 117 115 112
147 146 145 144 142 141 140 138 136 134 132 130 130 127 125 122 120 117 114 112 109 107 104 102 100
148 147 147 146 145 145 143 142 140 139 137 135 135 131 129 126 124 122 120 118 116 115 113 112 110
144 144 144 146 146 146 146 145 145 143 142 140 140 138 136 134 131 129 126 124 121 119 117 115 115
163 163 164 165 165 164 164 163 163 161 160 158 158 156 153 151 148 146 144 143 139 135 133 129 129
140 140 141 141 142 143 144 144 144 145 145 145 145 144 142 142 140 139 137 136 133 129 128 124 124
146 146 147 147 147 146 146 145 143 142 140 138 138 135 134 131 129 126 124 122 120 118 115 113 113
116 116 117 117 118 118 118 119 119 120 120 121 121 122 122 123 123 123 123 123 123 122 122 121 120
116 115 115 115 114 114 114 113 113 112 111 110 111 110 109 107 106 105 104 103 103 102 101 100  99
