137 135 134 132 131 129 127 125 124 122 120 118 118 116 114 113 111 110 109 108 107 106 105 105 104
131 129 127 125 123 121 119 117 116 115 114 113 113 112 111 111 111 111 111 111 111 111 110 110 110
132 134 135 135 136 136 136 135 135 134 134 132 132 131 130 129 128 127 126 126 124 123 122 121 119
116 116 115 115 115 113 112 111 111 110 109 107 107 106 104 102 101 101  99  97  95  93  93  91  89
115 115 114 112 111 110 108 106 104 102 101  97  96  94  91  89  87  84  83  80  79  78  76  74  74
135 134 132 129 129 126 123 120 119 114 112 107 104 102  98  95  91  89  87  83  80  80  77  74  73
147 147 145 144 142 138 136 133 130 124 121 117 113 111 108 104  98  95  91  88  84  81  78  75  73
136 135 133 132 129 126 122 119 115 110 106 102  98  97  93  89  84  80  77  74  70  67  65  63  60
136 136 136 136 135 134 133 130 128 125 121 118 113 114 109 104  99  94  89  84  80  75  71  67  64
150 150 149 147 146 144 141 139 135 132 127 123 119 119 114 108 103  98  92  87  82  77  73  69  66
141 138 136 132 129 125 122 118 114 110 106 102  98  98  94  90  86  82  78  75  72  69  66  63  61
120 119 118 118 116 114 112 110 107 104 101  98  94  94  91  87  84  81  78  74  72  69  69  66  64
109 109 108 106 103 101  98  97  94  91  88  84  80  80  77  74  71  69  68  66  64  62  61  59  59
104 104 103 103 101 100  99  97  94  94  91  87  84  84  81  79  79  76  74  74  73  72  72  71  70
119 119 120 120 120 120 119 118 116 115 113 111 108 108 107 104 102 100  99  97  95  95  93  92  90
126 127 128 128 128 128 127 126 125 123 121 120 117 117 115 113 111 109 107 105 104 102 102 101 100
120 122 125 126 127 129 129 130 130 129 128 127 125 125 123 120 118 115 111 109 105 102 100  97  95
109 111 112 113 114 115 116 115 116 116 116 117 115 115 115 115 115 114 113 112 112 112 111 111 110
121 121 120 120 119 119 119 119 119 119 119 119 118 118 118 118 117 117 117 117 117 117 117 117 116
125 127 126 128 130 132 133 131 133 134 135 135 136 134 134 134 133 133 132 130 130 129 128 127 126
171 172 172 172 171 170 170 168 165 165 162 159 157 155 151 147 147 144 140 140 138 135 133 133 132
153 154 155 155 155 154 154 152 152 149 148 144 141 139 135 133 129 127 123 123 120 119 117 116 114
137 137 137 138 137 137 135 134 132 130 128 125 125 122 120 117 114 112 110 108 106 105 103 103 103
154 153 153 152 151 150 149 147 145 143 140 138 137 134 131 127 124 121 117 114 112 109 107 105 104
165 165 164 162 161 159 157 155 152 150 147 144 144 141 138 135 132 129 126 124 121 119 116 115 112
163 163 162 160 159 158 155 153 151 148 145 143 141 139 136 134 130 127 125 121 119 116 113 111 109
151 151 150 150 149 149 148 147 145 144 142 139 140 137 134 131 127 124 121 117 113 110 107 104 101
144 144 144 143 143 142 142 141 140 139 138 137 137 136 134 132 129 126 123 120 117 114 110 107 105
147 146 145 144 143 142 140 138 136 133 131 128 128 124 121 118 114 111 108 104 101  99  96  94  92
146 146 145 145 145 144 143 142 140 138 135 132 132 129 126 122 119 115 112 109 106 103 100  98  98
160 160 161 160 159 160 158 158 157 154 153 150 150 146 142 140 135 132 129 124 122 118 115 113 109
168 169 168 166 165 165 163 161 158 158 155 151 151 147 143 139 139 134 130 127 126 122 119 116 114
159 160 159 159 159 159 157 156 155 152 150 148 148 145 143 140 137 135 132 129 127 124 122 119 117
115 113 114 115 116 116 117 119 121 121 122 123 123 123 124 125 124 124 124 123 121 120 119 118 116
106 104 103 102 101 100 100 100 101 102 103 104 105 106 108 109 110 111 112 112 113 113 114 114 114
