111 109 110 111 112 113 114 114 114 115 115 115 115 113 113 114 114 114 113 113 113 113 113 112 111
 79  80  80  82  83  84  86  87  89  90  91  92  93  94  94  95  95  96  96  95  95  95  94  95  94
 98  96  94  94  92  92  92  91  92  92  92  92  92  92  92  91  91  91  89  89  88  87  86  85  83
 97  98  98  98  99 100 101 102 103 104 105 105 105 105 105 105 104 103 102 100  99  97  97  96  94
103 104 104 105 104 105 105 106 106 106 105 105 104 103 103 101  99  97  96  93  91  91  89  86  85
 98  99 100 102 103 103 104 105 105 105 104 103 103 102 100  97  97  95  92  90  89  87  85  83  83
104 104 105 106 106 106 106 105 104 102 101  98  96  95  91  89  85  84  82  80  77  74  73  71  71
113 112 111 111 110 109 106 105 101  99  95  92  90  88  86  81  79  75  73  69  67  65  65  63  61
106 105 103 102 101 100  97  95  93  90  87  85  83  82  79  76  74  71  69  67  65  65  64  62  61
117 116 116 115 114 113 112 111 110 108 107 105 103 101  98  96  93  90  87  85  82  79  76  73  70
138 137 137 137 136 135 134 132 131 129 127 125 122 122 119 117 114 110 106 103  99  95  91  87  83
142 142 142 141 140 139 137 135 132 129 126 122 118 118 114 110 106 102  97  93  88  85  81  77  73
126 126 126 125 124 123 123 120 118 115 112 107 103 103  98  95  90  86  82  82  78  75  71  69  66
118 118 119 118 118 116 115 114 112 109 106 102  98  98  93  90  85  83  81  78  74  71  69  66  66
111 111 111 110 109 107 107 104 101 101  97  93  90  90  86  82  82  79  76  76  73  70  68  68  66
114 114 113 112 110 107 105 104 102  99  96  93  89  89  85  83  80  78  78  76  74  73  72  71  71
115 115 114 114 113 112 111 109 108 106 104 102  99  99  97  94  92  90  87  85  83  81  80  78  76
123 125 126 126 126 126 125 124 122 120 118 115 112 112 109 105 102  98  95  92  88  85  82  80  77
103 103 103 103 102 102 102 102 101 101 100 100  98  98  98  97  96  95  94  94  93  92  91  90  89
 95  94  92  91  89  88  87  85  84  83  82  81  81  81  80  80  80  80  80  80  80  80  80  81  81
112 112 112 111 111 110 109 109 106 105 102 101 100  98  97  95  94  91  90  90  88  87  85  85  85
134 134 134 133 132 131 129 128 126 123 121 118 116 114 110 108 105 103 101  98  97  94  93  92  90
138 138 138 137 136 134 134 132 129 129 126 123 121 120 116 113 113 110 108 108 106 104 102 102 101
128 131 133 136 135 137 137 138 138 138 136 135 133 132 130 127 125 121 119 116 114 113 111 109 108
 86  88  90  92  92  94  97 100 102 105 107 109 110 112 113 115 116 118 118 119 118 119 118 118 117
 94  95  97  98  99 100 103 104 106 107 110 111 112 113 114 115 116 117 118 118 119 118 118 118 118
130 130 130 130 129 128 127 125 124 122 120 118 118 116 114 113 111 110 109 108 107 107 106 106 106
138 138 139 138 138 137 136 134 133 131 129 126 125 123 120 117 114 111 109 106 103 101  98  96  94
121 121 121 120 120 120 119 117 116 115 114 112 112 110 108 106 104 101  99  96  94  92  90  88  85
122 122 122 121 120 120 119 119 118 117 116 116 116 114 113 113 111 110 110 109 108 108 107 107 107
102 102 103 104 105 106 107 108 108 109 109 109 109 109 109 109 109 109 109 109 109 109 108 108 108
129 129 130 130 130 129 128 127 127 125 124 122 122 120 118 117 115 114 112 110 108 108 106 104 102
127 127 126 125 124 123 121 119 118 115 114 112 112 109 107 106 104 104 102 101 100  98  97  96  94
136 136 135 135 134 132 131 129 126 124 122 120 120 118 116 114 112 111 110 109 108 107 107 106 106
144 144 144 143 143 142 141 140 138 137 135 133 133 132 130 128 126 125 124 122 120 119 117 116 115
